136 3
145 3
129 4
146 4
154 4
128 5
161 5
162 5
163 5
114 6
118 6
165 6
92 7
93 7
94 7
96 7
97 7
99 7
69 8
70 8
54 9
55 9
56 9
176 9
177 9
49 10
50 10
181 10
183 11
186 12
39 13
189 15
30 16
191 16
29 17
190 17
27 18
25 19
26 19
24 20
192 20
22 22
193 22
192 23
22 26
22 27
171 27
172 27
22 28
165 28
166 28
160 29
152 30
25 31
146 31
134 32
125 33
126 33
127 33
34 34
107 35
108 35
43 36
45 36
97 36
98 36
71 37
73 37
74 37
79 37
75 38
73 40
73 41
72 44
72 54
72 55
72 56
33 57
72 57
138 57
139 57
140 57
37 58
72 58
131 58
42 59
43 59
73 59
122 59
73 60
74 60
115 60
73 61
107 61
108 61
109 61
58 62
65 62
66 62
67 62
68 62
69 62
74 62
101 62
76 63
93 63
80 64
86 64
87 64
77 69
77 71
78 80
79 80
88 81
70 82
69 83
66 84
64 85
60 86
58 87
107 87
55 88
110 88
52 89
115 90
45 91
40 92
118 92
123 94
25 95
19 96
10 97
